0 2.4253966361924117 14.200140998826638 1 
0 10.948801251154682 63.84346297199029 1 
0 31.557122052707076 36.90041258086754 1 
0 30.2214411954406 60.63826278594955 1 
0 15.256211095947226 62.08885022713485 1 
0 2.552573964893323 17.536987084919097 1 
0 24.281737705586114 48.02641007037477 1 
0 14.536067497498816 51.3905894486027 1 
0 30.934672692775134 62.34121834917595 1 
2 12.630863179096908 96.83125993903082 1 
2 22.918984884832927 86.29388886815464 1 
2 37.59627649460666 83.10255966867024 1 
2 41.94706427555632 76.82403075144262 1 
2 12.289008223892928 76.22457846480101 1 
