0 30.024639591173376 46.944492058582775 
0 36.94412083402628 54.44853931661688 
0 14.23086480348407 46.27642898093961 
0 14.23086480348407 46.276428980939606 
0 17.54607336500151 56.35967181581899 
0 20.721158653584364 59.73161801499577 
0 20.721158653584364 59.73161801499577 
0 30.26407758325608 56.62392466300818 
0 36.94412083402628 54.44853931661688 
0 19.887623007498004 61.487864586851785 
0 20.721158653584364 59.73161801499577 
0 20.721158653584364 59.73161801499577 
0 25.08387984049623 55.169750887652064 
2 47.21553107387037 67.9741790930187 
0 35.33214878733112 52.73799348054618 
2 38.642378390760264 55.929504756078046 
0 18.5276806209126 42.06546038233893 
2 68.80942879102658 52.873984980930594 
0 15.07057957137555 33.61090803671815 
2 74.79769925505737 42.12135568706614 
0 15.07057957137555 33.61090803671815 
2 74.79769925505737 42.12135568706614 
0 27.160536606444747 56.88566394477037 
0 13.093293826566148 57.38179645264831 
0 19.088396682663447 58.41681703526909 
0 20.721158653584364 59.73161801499577 
0 20.721158653584364 59.73161801499577 
0 35.91297818410363 54.94804483480593 
2 24.382041519512168 88.7425694919519 
0 21.02982190640043 58.05479897553803 
2 25.47643941159715 83.85526353841986 
0 16.394612754936038 47.50824024212173 
2 25.47643941159715 83.85526353841986 
0 18.07933601024393 46.329592724204595 
2 25.47643941159715 83.85526353841986 
0 18.07933601024393 46.329592724204595 
2 25.47643941159715 83.85526353841986 
0 17.534488727129226 51.37975944568721 
2 25.308233218802926 80.55648384171582 
0 18.07933601024393 46.32959272420461 
2 25.47643941159715 83.85526353841986 
0 18.07933601024393 46.32959272420461 
2 25.47643941159715 83.85526353841986 
