1 68.22046713202771 50.60058545806912 
1 56.83163728898773 57.162487163245075 
1 54.86804593673947 58.293849526206444 
1 66.0411920375634 51.581840567813714 
1 74.79769925505737 42.12135568706614 
1 74.79769925505737 42.12135568706614 
1 74.79769925505737 42.12135568706614 
1 71.47150100872274 41.71974467889701 
1 74.79769925505737 42.12135568706614 
1 74.79769925505737 42.12135568706614 
1 56.72052076642875 35.55815777576782 
1 37.94686427345735 55.78022020450529 
1 21.798994035207702 76.4658416814224 
1 23.860369254811488 74.24312355848333 
1 23.860369254811488 74.24312355848333 
1 31.55721965692746 56.5148666289406 
1 56.458433840130006 52.048601659863884 
1 70.10475140084294 47.07888069626277 
1 74.79769925505737 42.12135568706614 
1 74.79769925505737 42.12135568706614 
1 42.2328545166603 44.834395276555945 
1 53.92458757601523 35.707297198556674 
1 68.6204739404359 41.375506671894904 
1 74.79769925505737 42.12135568706614 
1 74.79769925505737 42.12135568706614 
1 52.466880695086466 42.92895698953224 
1 74.7976992550574 42.12135568706614 
1 74.7976992550574 42.12135568706614 
